212

299 105 79
290 101 99
274 62 57
238 16 47
67 26 89
68 43 72
69 40 38
72 118 52
73 108 115
74 94 55
240 129 90
176 134 115
76 51 82
77 125 62
177 98 118
80 76 62
242 60 38
85 68 146
86 86 179
185 96 36
91 121 42
292 113 92
279 120 77
244 83 18
92 90 74
187 61 140
96 14 84
245 100 42
190 24 88
98 103 87
191 6 29
101 70 105
280 58 21
103 15 55
104 19 35
248 85 101
198 63 59
108 48 93
109 72 176
199 109 72
110 114 106
298 65 69
286 47 37
116 56 113
256 20 78
119 5 149
120 64 54
124 93 116
129 13 52
287 132 134
207 115 95
134 42 130
135 111 37
140 7 96
141 39 204
6 131 82
7 95 82
143 27 59
9 4 139
146 21 57
11 36 43
217 2 58
147 30 151
14 50 52
148 81 34
16 54 45
17 73 84
218 71 118
152 80 76
160 112 138
24 127 267
224 37 33
161 102 65
30 53 37
32 123 75
289 8 69
36 77 88
164 3 211
37 0 121
165 89 61
166 82 151
49 119 100
50 130 114
269 29 64
235 18 141
51 11 98
52 124 52
168 122 119
53 87 119
56 128 45
236 88 90
171 188 35 12
279 181 75 9
44 43 10 32
44 57 31 18
170 178 106 31
117 273 45 32
177 241 59 41
65 114 32 10
34 35 69 22
86 194 33 32
210 212 104 46
186 188 35 29
187 188 35 46
82 84 52 39
18 19 99 6
202 114 32 41
171 181 75 25
180 181 75 8
82 264 126 31
248 264 126 14
146 266 9 17
17 157 117 33
146 265 79 11
6 8 110 5
214 283 46 30
73 252 251 55 37
297 58 57 31 30
260 272 270 78 29
100 90 44 14
18 151 223 25 22
147 281 282 107 15
147 281 227 41 19
68 271 97 35
133 241 59 4
73 252 251 250 91 4
92 145 22 32
260 272 270 271 97 5
82 19 99 13
85 154 71 67 22
201 223 25 26
24 22 17 41
170 158 57 11
224 35 69 35
95 276 38 12
218 276 38 39
148 255 74 2
147 281 241 59 1
238 254 255 74 9
24 184 183 12 35
46 43 10 2
46 40 43 10 9
256 254 255 74 13
170 265 79 21
201 227 41 5
297 62 219 221 34 7
100 271 97 39
228 227 41 20
20 264 126 14
66 154 71 67 4
218 22 17 8
204 241 59 46
201 136 137 116 24
171 276 38 16
170 250 91 18
263 253 250 91 9
177 5 255 74 6
201 209 212 104 14
210 209 212 104 14
256 254 258 49 3
260 262 29 84 21
260 265 79 30
170 58 57 31 13
73 90 44 47
130 137 116 31
135 106 281 241 59 4
186 94 23 3
96 94 23 8
204 227 41 23
260 8 110 16
132 157 117 17
256 255 74 21
86 231 71 67 22
46 40 43 71 67 5
260 262 265 79 2
46 41 1 4
108 221 34 41
244 149 66 7
180 212 104 7
61 254 258 49 28
203 8 110 10
67 182 181 75 13
214 90 44 6
46 265 79 17
293 59 133 2
256 255 258 49 9
9 158 57 18
201 22 17 28
299 41 1 44
27 29 84 10
293 41 1 16
95 94 23 42
177 5 57 31 3
143 94 23 47
260 272 59 133 6
170 58 59 133 11
148 149 66 37
80 79 28 15
148 150 149 66 11
130 114 32 19
256 258 49 34
141 131 59 133 2
100 271 270 272 59 133 4
86 194 195 92 2
143 144 58 59 133 5
297 62 144 58 59 133 2
171 262 257 258 49 1
171 155 195 92 3
44 155 195 92 14
132 157 155 195 92 9
132 156 155 195 92 7
293 172 194 195 92 2
