97

155 20 78
149 27 76
140 53 111
99 38 47
6 33 108
8 56 146
10 70 55
102 52 122
17 67 42
21 61 100
144 30 43
110 11 87
23 18 27
28 21 33
12 14 103
15 28 132
116 43 55
33 42 37
38 55 217
40 23 158
48 10 31
59 34 99
63 9 195
150 0 68
146 1 48
119 37 103
51 16 56
64 15 145
66 59 249
54 50 118
71 44 188
80 65 58
120 12 68
70 5 41
85 3 22
98 35 67
74 39 60
101 51 155
105 31 168
148 63 68
127 8 61
79 60 61
114 13 114
115 6 78
82 64 37
125 7 69
126 68 98
129 22 62
84 36 95
136 45 102
141 29 106
87 47 80
154 48 55
159 54 72
71 56 26 25
116 13 24 25
126 124 49 19
17 53 4 29
64 68 2 39
74 75 66 27
114 53 4 19
15 13 24 39
159 75 66 1
38 39 17 28
154 97 62 39
59 55 57 34
140 138 156 25 24
102 16 11 40 15
38 41 58 11
38 42 19 46
101 100 32 32
125 122 69 31
114 30 68 2 13
136 42 19 34
59 56 26 27
51 41 58 14
66 69 67 68 2 1
127 94 124 49 9
110 109 41 6
125 124 49 20
126 123 39 17 3
63 57 124 49 2
84 61 30 68 2 4
10 106 37 36 34 71 11
99 100 32 6
10 106 37 35 43 46 7
12 11 40 8
126 109 41 7
105 104 39 17 1
136 42 39 17 7
79 58 55 57 18
114 44 43 46 10
98 97 62 1
51 41 39 17 6
127 104 39 17 8
10 106 37 34 71 4
54 32 43 46 3
