106

158 52 66
149 5 105
136 2 67
113 57 77
56 20 98
4 69 53
59 55 86
114 67 150
64 35 70
67 47 186
141 30 102
118 34 127
69 26 65
70 56 147
126 46 126
72 29 58
75 12 58
157 0 104
142 27 45
128 24 90
87 66 62
5 63 68
91 9 67
7 19 78
11 60 65
130 37 100
95 68 124
15 41 174
18 59 100
96 4 93
27 3 78
28 42 125
146 49 140
131 50 104
100 16 203
34 45 115
39 53 71
101 71 84
43 18 119
45 54 62
133 23 58
109 31 143
47 11 102
48 61 97
112 65 128
52 1 61
55 70 98
4 2 17 42
59 88 43 22
70 58 58 33
128 42 10 35
43 42 10 12
7 10 62 40
128 129 13 1
128 127 28 1
96 98 48 35
67 123 64 42
34 85 129 13 12
56 58 58 2
146 3 7 43
112 3 7 26
146 80 89 6 29
141 140 22 41
34 85 143 39 15
75 25 77 15 19
131 129 13 28
4 14 21 30
7 0 14 21 24
146 150 155 38 43
87 80 89 6 1
95 81 143 39 23
7 10 8 36 5
130 127 28 8
126 84 123 64 28
4 3 7 18
67 0 14 21 3
18 78 76 44 45
72 73 76 44 4
136 137 135 138 8 14
87 90 127 28 29
157 155 38 30
70 147 33 9
7 8 36 30
59 123 64 22
56 14 21 4
28 29 30 147 33 27
91 89 6 11
136 137 138 8 24
55 93 92 25 14
95 81 78 77 15 16
131 129 127 28 3
28 2 17 15
131 129 77 15 5
43 42 134 32 11
52 51 14 17
131 127 28 26
87 80 92 25 16
55 16 51 24
133 134 32 30
158 159 74 40 18
4 24 16 51 21
130 129 77 15 3
91 88 43 30
72 73 76 79 77 15 5
11 73 76 79 77 15 5
131 127 98 48 17
