167

148 57 130
148 70 147 64 9
148 140 36 44
148 149 1 139 4 6
148 149 1 24 49 35
146 42 92
146 28 61 42
146 147 64 22
146 145 44 37
146 144 147 64 29
143 48 67
143 139 4 22
143 83 120 69 25
143 141 11 33
135 31 98
135 44 24 28
135 137 17 50
135 134 54 15
129 58 87
129 155 68 17
129 77 23 32
129 97 96 19 17
129 97 81 53 43 12
128 37 154
128 71 138 59 10
128 30 93 92 34 22
128 1 24 49 6
128 1 10 0 8
128 1 23 45 27
128 127 90 22 3
128 127 98 96 19 3
128 125 75 21 8
126 18 154
126 103 16 12
126 127 98 96 19 12
126 125 75 21 3
112 25 69
112 4 96 19 14
112 86 90 22 13
112 113 110 2 4
112 111 110 2 2
112 110 2 42
109 56 136
109 8 7 8 21
109 107 67 33
109 106 65 141 11 4
100 35 191
100 155 68 30
100 34 24 49 6
100 34 153 27 27
100 34 40 28 16
100 34 137 17 1
100 30 93 92 34 9
100 30 32 45 5 10
100 30 32 137 17 6
100 30 40 28 3
95 63 139
95 2 90 22 1
95 92 34 29
89 33 67
89 122 124 3 7
89 88 87 39 25
89 87 39 34
89 80 154 96 19 1
89 80 84 26 69 66 1
89 80 84 26 24 49 5
89 80 84 67 14 4
89 80 84 23 45 3
89 80 84 134 54 5
68 40 76
68 43 71 28
68 33 132 10 31
68 33 132 131 1 8
68 33 24 49 5
64 47 93
64 86 90 22 20
64 67 14 34
64 66 62 59 88 87 39 7
63 6 92
63 67 14 13
49 20 122
49 51 62 21
49 50 48 133 41 13
49 50 48 51 62 29
49 50 47 52 6
49 47 52 22
49 31 55 53 43 3
42 50 116
42 134 54 20
42 43 71 33
41 38 107
41 103 16 21
41 33 24 49 2
41 33 34 137 17 25
41 33 58 60 9
41 43 71 21
37 26 151
37 120 69 2
37 45 5 14
37 0 40 28 1
37 0 48 47 52 3
37 0 10 0 22
37 38 12 30
37 35 55 30
29 15 121
29 48 47 52 12
29 150 60 58 60 21
29 150 153 27 3
29 150 38 12 18
29 150 52 59 88 87 39 7
29 150 159 74 75 21 1
29 85 123 124 3 1
29 85 123 121 124 3 9
29 85 141 11 8
29 85 141 153 27 2
29 85 139 4 14
29 28 61 28
29 2 90 22 1
29 2 69 66 40
27 53 103
27 10 0 22
27 151 43 71 13
19 70 159
19 81 53 43 22
19 81 82 10 0 5
19 81 90 22 11
17 13 174
16 65 234
16 101 65 141 153 27 1
16 101 65 53 43 1
16 24 49 7
16 153 27 31
16 32 137 17 5
16 32 137 134 54 5
16 80 84 134 54 6
16 80 84 86 90 22 4
16 80 83 120 69 1
15 51 159
15 56 7 8 10
15 56 4 96 19 5
15 56 47 52 30
15 81 90 22 28
15 81 32 137 134 54 7
12 9 83
12 10 0 13
12 14 29 16
12 13 51 62 3
9 46 76
9 7 8 24
130 32 73
130 106 65 53 43 5
130 106 107 67 10
130 102 103 16 13
130 131 1 38
130 84 86 90 22 12
130 84 133 41 26
158 30 60
158 104 105 10 0 4
158 104 105 32 137 134 54 2
158 104 105 32 53 43 3
158 104 40 28 1
158 104 103 16 23
158 159 74 75 21 5
158 157 7 11
158 155 68 15
158 155 159 74 75 21 9
158 155 159 157 7 18
